[-3,1,0]
0,0,0,0|||/start.tscn
[-2,1,0]
0,0,0,0|||/2.tscn
[-1,1,0]
0,0,0,0|||/3.tscn
[0,1,0]
0,0,0,0|||/4.tscn
[1,1,0]
0,0,0,0|||/5.tscn
[1,2,0]
0,-1,0,0|||/6.tscn
[1,3,0]
0,0,0,-1|||/6.tscn
[0,2,0]
0,-1,0,0|||/7.tscn
[0,3,0]
0,0,0,-1|||/7.tscn
[-1,2,0]
0,0,0,0|||/8.tscn
[-2,2,0]
0,0,0,0|||/DoubleJump.tscn
[-1,0,0]
0,0,0,0|||/9.tscn
[-1,-1,0]
0,0,0,0|||/10.tscn
[-2,-1,0]
0,0,0,0|||/11.tscn
[-3,-1,0]
0,0,0,0|||/WallJump.tscn
[0,-1,0]
0,-1,0,0|||/12.tscn
[0,0,0]
0,0,0,-1|||/12.tscn
[2,1,0]
0,0,0,0|||/13.tscn
[2,-1,0]
0,-1,0,0|||/14.tscn
[2,0,0]
0,0,0,-1|||/14.tscn
[1,-1,0]
0,0,0,0|||/16.tscn
[2,-2,0]
0,0,0,0|||/15.tscn
[3,-2,0]
0,0,0,0|||/Dash.tscn
[-1,-2,0]
0,0,0,0|||/17.tscn
[-1,-3,0]
0,0,0,-1|||/long.tscn
[-2,-3,0]
0,0,0,0|||/HookShot.tscn
[-1,-4,0]
0,-1,0,0|||/long.tscn
[-1,-5,0]
0,0,0,0|||/boss.tscn
